image_width: 640
image_height: 480
camera_name: narrow_stereo
camera_matrix:
  rows: 3
  cols: 3
  data: [610.081674, 0, 321.222376, 0, 610.289915, 248.655434, 0, 0, 1]
distortion_model: plumb_bob
distortion_coefficients:
  rows: 1
  cols: 5
  data: [0.104866, -0.485806, 0.001368, 0.000248, 0]
rectification_matrix:
  rows: 3
  cols: 3
  data: [1, 0, 0, 0, 1, 0, 0, 0, 1]
projection_matrix:
  rows: 3
  cols: 4
  data: [603.757568, 0, 320.988255, 0, 0, 611.72229, 248.643314, 0, 0, 0, 1, 0]