image_width: 640
image_height: 480
camera_name: narrow_stereo
camera_matrix:
  rows: 3
  cols: 3
  data: [607.941202, 0, 315.905906, 0, 608.048637, 233.484148, 0, 0, 1]
distortion_model: plumb_bob
distortion_coefficients:
  rows: 1
  cols: 5
  data: [0.073471, -0.324118, -0.000384, 0.000926, 0]
rectification_matrix:
  rows: 3
  cols: 3
  data: [1, 0, 0, 0, 1, 0, 0, 0, 1]
projection_matrix:
  rows: 3
  cols: 4
  data: [604.06189, 0, 315.650588, 0, 0, 608.942932, 232.834356, 0, 0, 0, 1, 0]