image_width: 1920
image_height: 1080
camera_name: narrow_stereo
camera_matrix:
  rows: 3
  cols: 3
  data: [1372.342963, 0, 961.521584, 0, 1373.244351, 530.521625, 0, 0, 1]
distortion_model: plumb_bob
distortion_coefficients:
  rows: 1
  cols: 5
  data: [0.015582, -0.13543, 0.00025, 0.00159, 0]
rectification_matrix:
  rows: 3
  cols: 3
  data: [1, 0, 0, 0, 1, 0, 0, 0, 1]
projection_matrix:
  rows: 3
  cols: 4
  data: [1332.724365, 0, 965.16591, 0, 0, 1370.823975, 530.112712, 0, 0, 0, 1, 0]