image_width: 640
image_height: 480
camera_name: depth_A00364919526044A
camera_matrix:
  rows: 3
  cols: 3
  data: [525.947976622418, 0, 307.487865881108, 0, 525.735502377995, 275.863705346733, 0, 0, 1]
distortion_model: plumb_bob
distortion_coefficients:
  rows: 1
  cols: 5
  data: [0.176137752526781, -0.336467686153641, -0.00161969724046349, 0.00208108030092645, 0]
rectification_matrix:
  rows: 3
  cols: 3
  data: [1, 0, 0, 0, 1, 0, 0, 0, 1]
projection_matrix:
  rows: 3
  cols: 4
  data: [535.600158691406, 0, 307.626260612658, 0, 0, 537.409484863281, 274.827934879511, 0, 0, 0, 1, 0]
