image_width: 640
image_height: 480
camera_name: rgb_A00364919526044A
camera_matrix:
  rows: 3
  cols: 3
  data: [519.447912,   0.000000, 304.210108,
           0.000000, 519.505992, 276.043338,
           0.000000,   0.000000,   1.000000]
distortion_model: plumb_bob
distortion_coefficients:
  rows: 1
  cols: 5
  data: [0, 0, 0, 0, 0]
rectification_matrix:
  rows: 3
  cols: 3
  data: [1, 0, 0, 0, 1, 0, 0, 0, 1]
projection_matrix:
  rows: 3
  cols: 4
  data: [519.447912,   0.000000, 304.210108, 0.000000,
           0.000000, 519.505992, 276.043338, 0.000000,
           0.000000,   0.000000,   1.000000, 0.000000]
