joint_names: [arm_joint_1, arm_joint_2, arm_joint_3, arm_joint_4, arm_joint_5]

home: [[0.011, 0.011, -0.1, 0.023, 0.12]]
candle: [[2.9496, 1.13446, -2.54818, 1.78896, 2.93075]]
#out_of_view: [[0.154975, 2.22692, -2.20279, 1.19821, 2.93069 ]]
out_of_view: [[2.94958, 0.01564, -2.59489, 2.38586, 2.93068]]

#pregrasp_laying: [[2.95493, 2.3303, -2.3195, 3.19655, 2.92644]]
pregrasp_laying: [[2.93836, 2.020597, -1.88253, 3.36243, 3.01283 ]]
pregrasp_standing: [[3.02221, 2.48996, -1.53309, 1.17502, 2.92980]]
grasp_laying_mex: [[]] # grasp will be set by grasper

tower_right: [[2.5061, 0.0935881, -2.60509, 1.42038, 2.93033]]
tower_left: [[3.36525, 0.0935881, -2.72755, 1.40347, 2.93048]]


#PLATFORM POSES
platform_intermediate: [[2.95008, 1.17834, -3.30993, 0.44033, 2.95170]]
platform_left: [[3.14304, 0.167421, -2.98704, 0.670044, 2.86361]]
platform_left_pre: [[3.17176, 0.250139, -2.74139, 0.476991, 2.69522]]
platform_right: [[2.71339, 0.156002, -3.15581, 1.04624, 3.09898]]
platform_right_pre: [[2.73451, 0.285049, -2.93854, 0.658518, 3.04126]]
platform_middle: [[2.96494, 0.134162, -2.97261, 0.745996, 3.04407]]
platform_middle_pre: [[2.9812, 0.229669, -2.73985, 0.47354, 3.09746]]


#LINE POSES (RIGHT TO LEFT)
line:
    line_1: [[3.38231, 2.13810, -1.67897, 2.52825, 2.92261]]
    line_2: [[2.93732, 1.91937, -1.36863, 2.47464, 2.91953]]
    line_3: [[2.55503, 2.13815, -1.67899, 2.52825, 2.92261]]

#ZIG ZAG POSES (RIGHT TO LEFT)
zigzag:
    zigzag_1: [[3.33455, 2.35950, -1.91344, 2.25267, 2.92261]]
    zigzag_2: [[2.93732, 1.91937, -1.36863, 2.47464, 2.91953]]
    zigzag_3: [[2.60860, 2.35956, -1.91344, 2.25269, 2.92261]]
